=== axes diagnostic — both controllers ===
Sequence: 1) hold still (home capture)  2) both hands DOWN  3) both hands FORWARD  4) both hands to the SIDES
  t(s)      L_X     L_Y     L_Z        R_X     R_Y     R_Z
-----------------------------------------------------------------
   0.2   +0.000  +0.000  +0.000     +0.000  +0.000  +0.000
   0.4   -0.000  +0.000  -0.005     -0.002  -0.028  +0.018
   0.6   +0.000  -0.000  -0.007     -0.014  -0.030  +0.022
   0.8   -0.000  -0.001  -0.006     -0.014  -0.030  +0.022
   1.0   +0.001  -0.002  -0.007     -0.012  -0.029  +0.022
   1.2   -0.001  -0.002  -0.008     -0.013  -0.029  +0.021
   1.4   -0.001  -0.006  -0.052     -0.014  -0.026  -0.021
   1.6   -0.013  -0.003  -0.157     -0.024  -0.007  -0.119
   1.8   -0.070  +0.010  -0.237     -0.059  +0.060  -0.186
   2.0   -0.160  +0.061  -0.348     +0.010  +0.387  -0.170
   2.2   -0.169  +0.095  -0.409     -0.171  +0.057  -0.301
   2.4   -0.163  +0.113  -0.447     -0.165  +0.075  -0.339
   2.6   -0.192  +0.153  -0.490     -0.195  +0.115  -0.382
   2.8   -0.124  +0.085  -0.423     -0.126  +0.047  -0.315
   3.0   -0.193  +0.019  -0.292     -0.195  -0.019  -0.183
   3.2   -0.185  +0.017  -0.285     +0.092  +0.268  -0.193
   3.4   -0.212  +0.213  -0.253     +0.124  +0.123  -0.207
   3.6   -0.153  +0.167  -0.366     +0.112  +0.122  -0.290
   3.8   -0.137  +0.186  -0.418     +0.075  +0.138  -0.314
   4.0   -0.109  +0.226  -0.470     +0.068  +0.176  -0.355
   4.2   -0.107  +0.244  -0.495     +0.086  +0.208  -0.388
   4.4   -0.104  +0.228  -0.500     +0.103  +0.203  -0.391
   4.6   -0.101  +0.190  -0.496     -0.174  -0.014  -0.266
   4.8   -0.140  +0.140  -0.363     -0.124  -0.013  -0.286
   5.0   -0.163  +0.023  -0.204     -0.057  -0.063  -0.211
   5.2   -0.206  -0.083  -0.148     +0.098  -0.025  -0.138
   5.4   -0.216  -0.145  -0.126     +0.143  -0.101  -0.121
   5.6   -0.222  -0.181  -0.093     +0.147  -0.130  -0.104
   5.8   -0.231  -0.186  -0.094     +0.121  -0.145  -0.088
   6.0   -0.243  -0.188  -0.101     +0.110  -0.150  -0.081
   6.2   -0.255  -0.186  -0.124     +0.092  -0.154  -0.102
   6.4   -0.277  -0.174  -0.182     +0.074  -0.147  -0.155
   6.6   -0.290  -0.160  -0.240     +0.073  -0.145  -0.192
   6.8   -0.280  -0.157  -0.258     +0.088  -0.141  -0.211
   7.0   -0.269  -0.170  -0.219     +0.104  -0.154  -0.191
   7.2   -0.245  -0.180  -0.183     +0.119  -0.152  -0.171
   7.4   -0.225  -0.185  -0.115     +0.130  -0.161  -0.108
   7.6   -0.254  -0.175  -0.114     +0.108  -0.168  -0.099
   7.8   -0.262  -0.172  -0.108     +0.096  -0.173  -0.085
   8.0   -0.260  -0.171  -0.107     +0.098  -0.174  -0.090
   8.2   -0.268  -0.166  -0.104     +0.091  -0.179  -0.079
   8.4   -0.271  -0.163  -0.099     +0.089  -0.182  -0.073
   8.6   -0.278  -0.157  -0.111     +0.083  -0.176  -0.099
   8.8   -0.290  -0.149  -0.137     +0.069  -0.166  -0.127
   9.0   -0.304  -0.131  -0.187     +0.058  -0.142  -0.174
   9.2   -0.318  -0.093  -0.275     +0.042  -0.099  -0.253
   9.4   -0.338  -0.035  -0.348     +0.014  -0.052  -0.315
   9.6   -0.372  +0.021  -0.383     -0.026  -0.009  -0.356
   9.8   -0.390  +0.079  -0.428     -0.037  +0.050  -0.403
  10.0   -0.401  +0.124  -0.459     -0.048  +0.093  -0.431
  10.2   -0.393  +0.176  -0.502     -0.052  +0.144  -0.461
  10.4   -0.366  +0.231  -0.549     -0.048  +0.214  -0.492
  10.6   -0.324  +0.289  -0.597     -0.030  +0.283  -0.517
  10.8   -0.281  +0.333  -0.624     -0.012  +0.302  -0.521
  11.0   -0.271  +0.329  -0.625     -0.011  +0.301  -0.520
  11.2   -0.279  +0.355  -0.631     -0.024  +0.334  -0.527
  11.4   -0.278  +0.378  -0.634     -0.028  +0.348  -0.530
  11.6   -0.282  +0.389  -0.635     -0.035  +0.357  -0.532
  11.8   -0.289  +0.387  -0.635     -0.039  +0.359  -0.535
  12.0   -0.294  +0.392  -0.634     -0.041  +0.363  -0.536
  12.2   -0.291  +0.401  -0.634     -0.043  +0.366  -0.538
  12.4   -0.290  +0.401  -0.633     -0.044  +0.368  -0.537
  12.6   -0.288  +0.391  -0.631     -0.043  +0.365  -0.537
  12.8   -0.284  +0.369  -0.630     -0.038  +0.358  -0.537
  13.0   -0.280  +0.362  -0.627     -0.037  +0.358  -0.536
  13.2   -0.254  +0.340  -0.614     -0.034  +0.346  -0.532
  13.4   -0.222  +0.295  -0.574     -0.035  +0.335  -0.528
  13.6   -0.213  +0.223  -0.533     -0.023  +0.310  -0.517
  13.8   -0.245  +0.071  -0.455     -0.003  +0.181  -0.462
  14.0   -0.275  -0.042  -0.342     +0.033  +0.040  -0.377
  14.2   -0.294  -0.116  -0.252     +0.059  -0.085  -0.258
  14.4   -0.284  -0.151  -0.202     +0.073  -0.146  -0.172
  14.6   -0.278  -0.155  -0.192     +0.070  -0.159  -0.151
  14.8   -0.277  -0.154  -0.194     +0.064  -0.155  -0.159
  15.0   -0.280  -0.154  -0.194     +0.064  -0.158  -0.156
  15.2   -0.295  -0.155  -0.190     +0.075  -0.159  -0.158
  15.4   -0.360  -0.146  -0.183     +0.116  -0.153  -0.163
  15.6   -0.483  -0.102  -0.167     +0.218  -0.120  -0.175
  15.8   -0.597  -0.027  -0.119     +0.336  -0.058  -0.159
  16.0   -0.682  +0.066  -0.071     +0.439  +0.033  -0.130
  16.2   -0.728  +0.141  -0.064     +0.508  +0.143  -0.120
  16.4   -0.757  +0.207  -0.043     +0.548  +0.243  -0.109
  16.6   -0.784  +0.295  -0.031     +0.568  +0.325  -0.090
  16.8   -0.796  +0.350  -0.026     +0.574  +0.395  -0.074
  17.0   -0.804  +0.404  -0.023     +0.568  +0.450  -0.070
  17.2   -0.806  +0.442  -0.026     +0.564  +0.487  -0.066
  17.4   -0.806  +0.484  -0.015     +0.557  +0.508  -0.071
  17.6   -0.806  +0.514  -0.012     +0.553  +0.532  -0.065
  17.8   -0.807  +0.503  -0.013     +0.551  +0.539  -0.065
  18.0   -0.805  +0.442  -0.026     +0.554  +0.502  -0.090
  18.2   -0.795  +0.352  -0.056     +0.555  +0.442  -0.112
  18.4   -0.761  +0.240  -0.082     +0.536  +0.332  -0.156
  18.6   -0.697  +0.122  -0.092     +0.480  +0.177  -0.177
  18.8   -0.605  +0.013  -0.074     +0.389  +0.024  -0.143
  19.0   -0.479  -0.086  -0.060     +0.285  -0.078  -0.118
  19.2   -0.375  -0.130  -0.058     +0.200  -0.125  -0.108
  19.4   -0.315  -0.147  -0.060     +0.142  -0.140  -0.108
  19.6   -0.281  -0.150  -0.076     +0.104  -0.148  -0.089
  19.8   -0.251  -0.151  -0.086     +0.070  -0.156  -0.066
  20.0   -0.251  -0.148  -0.090     +0.061  -0.155  -0.073
  20.2   -0.243  -0.142  -0.103     +0.056  -0.153  -0.079
  20.4   -0.242  -0.134  -0.104     +0.037  -0.140  -0.105
  20.6   -0.232  -0.101  -0.181     +0.006  -0.097  -0.156
  20.8   -0.200  -0.014  -0.320     -0.039  -0.030  -0.230
  21.0   -0.142  +0.061  -0.387     -0.065  +0.033  -0.284
  21.2   -0.114  +0.097  -0.471     -0.060  +0.073  -0.361
  21.4   -0.011  +0.108  -0.503     +0.037  +0.075  -0.391
  21.6   +0.112  +0.109  -0.446     +0.149  +0.064  -0.316
  21.8   +0.097  +0.131  -0.459     +0.142  +0.080  -0.337
  22.0   +0.069  +0.151  -0.489     +0.113  +0.107  -0.376
  22.2   +0.061  +0.156  -0.500     +0.099  +0.111  -0.392
  22.4   +0.060  +0.162  -0.507     +0.096  +0.119  -0.401
  22.6   +0.053  +0.162  -0.507     +0.090  +0.119  -0.402
  22.8   +0.050  +0.164  -0.505     +0.088  +0.122  -0.401